# mmax= 1
# m-states: all states (FBR)
# Nr. of sites: 10

0.0  0.0 
0.1  0.025345643736813053 
0.2  0.052811246602815685 
0.3  0.08475803024367175 
0.4  0.12403138695342515 
0.5  0.17348390746026418 
0.6  0.2312454240474554 
0.7  0.2848239382661093 
0.8  0.3237631504732889 
0.9  0.34937047539148136 
1.0  0.3664179540118969 
1.1  0.37830560485499676 
1.2  0.38698413630308437 
1.3  0.39356289949407924 
1.4  0.3987009623139641 
1.5  0.4028105171591454 
1.6  0.4061616970165456 
1.7  0.4089386987122015 
1.8  0.41127134432179474 
1.9  0.4132537255721878 
2.0  0.414955542023558 
2.1  0.41642968654300755 
2.2  0.4177165962425638 
2.3  0.4188481044721375 
2.4  0.41984933541375624 
2.5  0.42074044600900673 
2.6  0.421537749602335 
2.7  0.4222544602019148 
2.8  0.422901637664472 
2.9  0.42348841519575675 
