# mmax= 1
# m-states: all states (FBR)
# Nr. of sites: 10

0.0 0.0
0.1 -0.05618757058327395
0.2 -0.224042249540656
0.3 -0.5017439087354023
0.4 -0.887225969094279
0.5 -1.3791149662958255
0.6 -1.974878750129152
0.7 -2.6624086595418968
0.8 -3.4175607065685885
0.9 -4.21676217132767
1.0 -5.044407649444798
1.1 -5.891277512709086
1.2 -6.7518130420752
1.3 -7.622474440040975
1.4 -8.50088491676388
1.5 -9.385377814118321
1.6 -10.274743312690667
1.7 -11.168078468437571
1.8 -12.0646938580893
1.9 -12.96405281769888
2.0 -13.865731335877825
2.1 -14.76938867153806
2.2 -15.674748950860323
2.3 -16.581585027106982
2.4 -17.48970887543345
2.5 -18.398963205816543
2.6 -19.309215409424525
2.7 -20.22035330433039
2.8 -21.13228054264276
2.9 -22.044914453123084
