# mmax= 1
# m-states: all states (FBR)
# Nr. of sites: 10

0.0  0.0 
0.1  0.022808819883840276 
0.2  0.07479688893721408 
0.3  0.14912830590978468 
0.4  0.24804731111500766 
0.5  0.3796387898822864 
0.6  0.5309764425850466 
0.7  0.646755724479034 
0.8  0.7039560648443877 
0.9  0.7263151875445911 
1.0  0.7345653652692622 
1.1  0.7376454814641754 
1.2  0.7388174336384946 
1.3  0.739262714970545 
1.4  0.7394250500253857 
1.5  0.7394779598514359 
1.6  0.7394912782186894 
1.7  0.7394933065024706 
1.8  0.7394951688540939 
1.9  0.7395005988276984 
2.0  0.7395108548229163 
2.1  0.7395243726692765 
2.2  0.7395427633759912 
2.3  0.739563924432873 
2.4  0.7395871865476703 
2.5  0.7396118830855536 
2.6  0.7396370537494158 
2.7  0.7396634648246044 
2.8  0.7396901510234063 
2.9  0.7397168682616969 
