# mmax= 1
# m-states: all states (FBR)
# Nr. of sites: 10

0.0  -0.0 
0.1  0.003145697215508556 
0.2  0.012872556512843735 
0.3  0.030431737185083546 
0.4  0.05961699746911167 
0.5  0.10934081788590015 
0.6  0.18576236521594608 
0.7  0.26434990861856933 
0.8  0.31351123506405615 
0.9  0.3362023395956537 
1.0  0.34583300895276947 
1.1  0.3500343007282669 
1.2  0.3519884121907741 
1.3  0.35296452903519987 
1.4  0.3534872139813662 
1.5  0.35378610601121696 
1.6  0.3539679555485168 
1.7  0.35408527283525837 
1.8  0.3541652516831081 
1.9  0.35422261260328974 
2.0  0.3542657689387889 
2.1  0.3542994719755654 
2.2  0.3543269622630554 
2.3  0.3543499661894849 
2.4  0.35436970740813206 
2.5  0.3543869865834903 
2.6  0.3544023208173891 
2.7  0.35441621653814825 
2.8  0.35442888768112135 
2.9  0.3544405419612083 
