# mmax= 1
# m-states: all states (FBR)
# Nr. of sites: 10

0.0  0.0 
0.1  -1.8014422687000166e-16 
0.2  -8.026095062515592e-18 
0.3  -2.734809109031814e-16 
0.4  5.8504334813437615e-15 
0.5  -4.57502932986885e-14 
0.6  1.2571034597611001e-12 
0.7  4.239591992227133e-12 
0.8  4.0989094587897234e-12 
0.9  2.6848628827749767e-12 
1.0  3.218141738317594e-12 
1.1  3.838643361820664e-12 
1.2  3.805098807074653e-12 
1.3  2.3250368287439917e-12 
1.4  3.0729512604342696e-12 
1.5  3.49054931664926e-12 
1.6  3.626064092147642e-12 
1.7  4.600918916156779e-12 
1.8  4.628171599429914e-12 
1.9  4.375330126185326e-12 
2.0  2.2634674181442205e-10 
2.1  1.7211212396509516e-6 
2.2  -4.053559601924869e-5 
2.3  -0.00017331128605152784 
2.4  -0.0002834779608183927 
2.5  -0.00037762711739776475 
2.6  -0.0004117438420821988 
2.7  -0.00041169460442100743 
2.8  -0.00041165351307024525 
2.9  -0.00041161818445651694 
