# mmax= 1
# m-states: all states (FBR)
# Nr. of sites: 10

0.0  0.0 
0.1  -1.0891275370081507e-32 
0.2  -5.677495176489344e-32 
0.3  5.3981233694679284e-33 
0.4  -2.8756569917135193e-32 
0.5  -1.1113600812961613e-30 
0.6  -9.11558356379548e-31 
0.7  -3.244228623193791e-29 
0.8  -3.4415161779749695e-29 
0.9  -1.1141195982004807e-29 
1.0  -7.049743223474574e-29 
1.1  -1.6309468746764176e-28 
1.2  7.397108424569049e-29 
1.3  -1.9160645579479293e-28 
1.4  -1.0937742044011916e-28 
1.5  -3.47567915629551e-28 
1.6  2.9163016606577473e-28 
1.7  -1.0445227303424714e-28 
1.8  7.558939568458447e-29 
1.9  -2.1696904597391917e-28 
2.0  -4.004526145819935e-26 
2.1  6.0621451835884785e-24 
2.2  1.2222346009792565e-21 
2.3  5.259979987210803e-20 
2.4  -4.0152289824578224e-20 
2.5  -8.643318787449617e-21 
2.6  -5.528974285327556e-20 
2.7  7.38834455662824e-20 
2.8  -1.6114634954182585e-19 
2.9  1.8323173661405855e-20 
