10000.0  0.49760531596103413 0.4976022263492255 0.0023862232763221997 0.0023862198560849934 8.789755840679896e-6 8.787139246942858e-6 1.1594476178928525e-6 1.1583426609875245e-6 4.352198719959038e-8 4.274914816046267e-8 1.545697345892383e-8 1.4653760855215725e-8 3.4900990126361945e-9 
10000.1  0.49760526881945666 0.4976022737735135 0.0023862225869352893 0.00238622021529354 8.789781402108104e-6 8.787100344065679e-6 1.159479006100046e-6 1.1583441344769e-6 4.351881835757178e-8 4.274600641067023e-8 1.548068856338905e-8 1.4663183295519127e-8 3.491218258352296e-9 
10000.2  0.49760507050277814 0.4976024716755395 0.002386227958184613 0.0023862152225845638 8.789848460280839e-6 8.787054248655184e-6 1.159504048701398e-6 1.1583294069238922e-6 4.351904521723683e-8 4.274514025071357e-8 1.548623471270107e-8 1.466270918021199e-8 3.491618848505961e-9 
10000.3  0.4976048176152688 0.49760272384724646 0.002386234729671967 0.0023862090886227825 8.789941648939809e-6 8.787003311989767e-6 1.1595436342185436e-6 1.158314604509911e-6 4.3518709417714924e-8 4.274335117943536e-8 1.5496558174676896e-8 1.4665222573541825e-8 3.4921477913411407e-9 
10000.4  0.4976045122445069 0.49760303038685144 0.0023862402405301682 0.0023862023418825327 8.790024325544914e-6 8.78695193515848e-6 1.1595861519976317e-6 1.1583019394047553e-6 4.351513180702118e-8 4.2737967209286814e-8 1.5508329275245495e-8 1.4667879637457033e-8 3.4925692043835215e-9 
10000.0  0.4976051879165072 0.4976023544083132 0.0023862227057064407 0.0023862204124782296 8.789757655310927e-6 8.787137333750436e-6 1.159447660846349e-6 1.1583423840517768e-6 4.352200741668485e-8 4.274913866814334e-8 1.5456906037443608e-8 1.4653749554484563e-8 3.4901596191370275e-9 
1.01e6  0.49760504961810964 0.49760252965169594 0.0023861991008024214 0.0023861968405680025 8.782744394322014e-6 8.78010829019896e-6 1.1703034206936897e-6 1.1694517401656016e-6 4.3766496826651775e-8 4.2972767393275093e-8 1.629720452377525e-8 1.557366852802374e-8 3.5708410769076758e-9 
2.01e6  0.49760510854805723 0.4976025043806613 0.0023861878248913676 0.002386176485864732 8.782960668435636e-6 8.780335787809453e-6 1.1697675161473476e-6 1.1687590701513458e-6 4.383483664076652e-8 4.306303350471806e-8 1.5634766499660933e-8 1.4848970279437398e-8 3.5558766857984563e-9 
3.01e6  0.4976050695915438 0.49760254527402215 0.00238618804424994 0.0023861744215721427 8.78296875608626e-6 8.78033421989725e-6 1.1697680333623022e-6 1.1687181384148688e-6 4.383801548207403e-8 4.3068163643531946e-8 1.5609366626106716e-8 1.4808624540899341e-8 3.5552938293720164e-9 
4.01e6  0.4976049017230004 0.49760271507092857 0.0023861865422927344 0.002386174019706997 8.782954916246508e-6 8.780325065885736e-6 1.1697745058613526e-6 1.1687127269445209e-6 4.3838010105280274e-8 4.3068839276849435e-8 1.5610789881761333e-8 1.4803828855742806e-8 3.5553886315067173e-9 
1.0e12  0.4978583999489932 0.49734922768819356 0.002387393665921833 0.0023849605227487234 8.785486035305966e-6 8.77718401695924e-6 1.1692911202032366e-6 1.1683337003644325e-6 4.35382043549762e-8 4.317986573418858e-8 1.5009264625387795e-8 1.471558736153902e-8 1.4363485623085874e-9 
0.1  0.996828503534248 0.0025558964698150165 0.0006153262721303611 1.5723989395678733e-7 9.959319477814802e-8 1.689071889879355e-8 
