# mmax= 1
# m-states: all states (FBR)
# Nr. of sites: 10

0.0  0.0 
0.1  0.4502102032777301 
0.2  0.9022303902748827 
0.3  1.3606042000151422 
0.4  1.8349182005618683 
0.5  2.3360498028097076 
0.6  2.843502774291973 
0.7  3.2737923539157814 
0.8  3.572843585940745 
0.9  3.7660635204810995 
1.0  3.893975185084394 
1.1  3.982992504249033 
1.2  4.047858070393269 
1.3  4.096895573903726 
1.4  4.135053289195798 
1.5  4.165436316547419 
1.6  4.190087010526835 
1.7  4.210402127968 
1.8  4.227368070198023 
1.9  4.241700333398326 
2.0  4.253929477695162 
2.1  4.264457134249585 
2.2  4.273591190144369 
2.3  4.281572618404162 
2.4  4.288591589913018 
2.5  4.294800218149556 
2.6  4.3003213182667785 
2.7  4.3052546349695975 
2.8  4.309682733983562 
2.9  4.313673844127519 
