# mmax= 1
# m-states: all states (FBR)
# Nr. of sites: 10

0.0  0.0 
0.1  -0.22209940964641262 
0.2  -0.4269291708495416 
0.3  -0.5977819278220964 
0.4  -0.7186357179810418 
0.5  -0.77469463566733 
0.6  -0.7622939578648749 
0.7  -0.7103769095207979 
0.8  -0.6589752316811447 
0.9  -0.6217292419577672 
1.0  -0.5962135989773222 
1.1  -0.578242060554062 
1.2  -0.5650008436655094 
1.3  -0.5548294784570128 
1.4  -0.5467446283701207 
1.5  -0.5401416621151106 
1.6  -0.534631737377924 
1.7  -0.5299538395581862 
1.8  -0.5259259713018699 
1.9  -0.5224168032486355 
2.0  -0.5193295994831398 
2.1  -0.516589955362517 
2.2  -0.5141418239612954 
2.3  -0.5119396781549249 
2.4  -0.5099475711892123 
2.5  -0.508136204068495 
2.6  -0.5064815718457635 
2.7  -0.504964493152364 
2.8  -0.5035679950033145 
2.9  -0.5022781073657078 
